74.81
18.68
2.75
44.89
26.06
38.62
18.05
72.14
66.82
15.65
65.7
62.76
64.91
98.28
37.75
68.92
12.52
84.54
50.46
28.0
53.62
75.1
52.83
79.01
18.09
39.47
17.8
54.38
49.72
46.15
93.1
69.6
3.53
68.28
43.06
73.15
73.83
33.1
75.03
25.93
91.34
15.07
33.57
70.38
50.05
74.83
16.68
26.3
10.41
5.17
43.42
90.98
27.36
23.81
25.92
0.95
6.16
8.27
38.6
71.51
87.27
12.25
55.43
14.51
35.24
0.78
20.24
83.82
46.92
18.22
74.15
0.67
2.0
16.05
34.33
64.71
66.85
23.71
81.94
96.89
7.31
29.33
34.29
28.37
65.07
85.73
89.54
32.5
95.87
9.32
41.84
12.11
13.17
4.65
69.35
56.98
12.24
50.59
5.93
68.31
36.08
89.55
30.99
69.55
28.53
67.55
65.77
20.4
52.07
12.15
28.47
67.17
84.26
82.38
51.82
97.32
9.34
10.66
20.01
21.46
61.74
63.38
72.58
57.53
23.38
26.7
62.75
2.09
61.2
58.73
37.49
87.05
96.89
2.17
93.53
79.25
63.74
30.8
0.85
12.73
0.38
56.32
96.97
15.62
45.82
31.84
92.32
30.85
60.47
72.83
36.53
79.56
21.05
34.46
44.38
29.56
23.68
44.96
9.46
26.25
47.15
75.34
2.48
95.18
67.32
6.0
44.15
79.13
59.33
9.01
71.89
4.86
90.74
66.35
90.8
7.78
93.96